
harish_k, 04:37:23:PM, 20-March-2024